mV
7521.2
7556.1
7478.0
7495.1
7487.3
7488.2
7508.6
7510.6
7488.1
7537.9
7452.8
7502.0
7487.7
7490.2
7515.8
7514.9
7501.4
7551.5
7502.7
7501.8
7492.2
7512.9
7494.7
7533.0
7501.3
7522.4
7480.9
7442.3
7530.9
7535.3
7545.7
7503.8
7511.2
7509.1
7517.9
7545.4
7516.0
7495.8
7496.9
7505.9
7507.1
7441.3
7478.9
7491.3
7506.7
7493.8
7510.7
7485.0
7481.0
7544.0
7559.7
7491.6
7503.0
7496.1
7460.5
7558.1
7508.5
7470.3
7500.8
7449.0
7511.5
7495.1
7504.3
7513.1
7499.9
7511.6
7486.0
7502.7
7490.2
7459.4
7551.9
7502.3
7485.4
7452.3
7459.1
7553.6
7495.6
7508.6
7500.8
7551.3
7502.1
7506.9
7510.6
7557.2
7512.8
7484.9
7506.3
7490.7
7500.5
7501.4
7461.8
7514.7
7456.0
7491.0
7462.5
7508.9
7480.2
7488.5
7506.8
7515.9
7457.8
7498.6
7478.0
7506.6
7448.3
7536.0
7508.2
7510.5
7496.0
7446.8
7489.9
7461.9
7498.4
7497.7
7528.4
7495.9
7511.6
7500.6
7507.1
7464.2
7494.0
7455.4
7480.4
7470.9
7499.7
7447.1
7497.7
7503.3
7504.1
7517.7
7515.7
7508.4
7518.7
7558.6
7509.3
7516.8
7487.6
7506.4
7505.1
7509.0
7493.3
7510.5
7499.6
7505.5
7496.2
7505.0
7514.4
7507.5
7554.4
7552.2
7472.6
7532.6
7557.1
7490.8
7458.7
7491.9
7516.0
7547.7
7510.6
7558.0
7491.0
7488.2
7449.5
7521.4
7472.4
7510.8
7466.0
7527.0
7491.1
7546.2
7507.6
7519.2
7507.1
7534.4
7487.1
7492.2
7542.2
7449.2
7498.6
7470.8
7550.7
7510.7
7506.7
7499.6
7479.7
7509.1
7507.2
7470.7
7545.4
7504.8
7483.4
7497.9
7483.6
7450.1
7517.2
7490.7
7544.2
7487.1
7455.1
7553.8
